[ identification ]
name = 30/20Hz Vibration
desc =
color = #6666ff
[ output ]
outL = 0.7
outR = 0.7
[ carriers ]
leftMix = 1
leftFreq = 1003
leftFreq2 = 1000
rightMix = 1
rightFreq = 803
rightFreq2 = 802
waveformL1 = 1.
waveformL2 = 1.
waveformR1 = 1.
waveformR2 = 1.
[ modulators ]
amodL1form = 0.0
amodL1freq = 0.15590340117868307
amodL1depth = 0.04251706600189209
amodL1duty = 0.7653379917144776
amodL2form = 2
amodL2freq = 30
amodL2depth = .9
amodL2duty = .5
amodR1form = 0.0
amodR1freq = 0.12160789477973498
amodR1depth = 0.34184104204177856
amodR1duty = 0.763128662109375
amodR2form = 2
amodR2freq = 20
amodR2depth =.9
amodR2duty = .5
[ extras ]