[ identification ]
name = Silence
desc = No signal.
color = #cccccc
[ output ]
outL = 0.0
outR = 0.0
[ carriers ]
leftMix = 0.5
leftFreq = 750.0
leftFreq2 = 750.25
rightMix = 0.5
rightFreq = 600
rightFreq2 = 600.3
waveformL1 = 1.
waveformL2 = 1.
waveformR1 = 1.
waveformR2 = 1.
[ modulators ]
amodL1form = 0.0
amodL1freq = 0.15590340117868307
amodL1depth = 0.04251706600189209
amodL1duty = 0.7653379917144776
amodL2form = 0.0
amodL2freq = 14.767578125
amodL2depth = 0.3458874225616455
amodL2duty = 0.41531822681427
amodR1form = 0.0
amodR1freq = 0.12160789477973498
amodR1depth = 0.34184104204177856
amodR1duty = 0.763128662109375
amodR2form = 0.0
amodR2freq = 14.099609375
amodR2depth = 0.36236387491226196
amodR2duty = 0.25687961578369145
[ extras ]