[ identification ]
name = Silence
desc = No signal.
color = #cccccc
[ output ]
outL = 0.0
outR = 0.0
[ carriers ]
leftMix = 0.5
leftFreq = 750.0
leftFreq2 = 750.25
rightMix = 0.5
rightFreq = 600
rightFreq2 = 600.3
waveformL1 = 1.
waveformL2 = 1.
waveformR1 = 1.
waveformR2 = 1.
[ modulators ]
amodL1form = 0.0
amodL1freq = 0.15590340117868307
amodL1depth = 0.04251706600189209
amodL1duty = 0.7653379917144776
amodL2form = 0.0
amodL2freq = 14.767578125
amodL2depth = 0.3458874225616455
amodL2duty = 0.41531822681427
amodR1form = 0.0
amodR1freq = 0.12160789477973498
amodR1depth = 0.34184104204177856
amodR1duty = 0.763128662109375
amodR2form = 0.0
amodR2freq = 14.099609375
amodR2depth = 0.36236387491226196
amodR2duty = 0.25687961578369145
[ extras ]
oscAfreq = 1.0
oscAform = 0
oscAduty = 1.0
oscAphase = 0.0
oscAdestination = 0
oscAenabled = false
oscAmax = 0.0
oscAmin = 0.0
oscBfreq = 1.0
oscBform = 0
oscBduty = 1.0
oscBphase = 0.0
oscBdestination = 0
oscBenabled = false
oscBmax = 0.0
oscBmin = 0.0
oscCfreq = 1.0
oscCform = 0
oscCduty = 1.0
oscCphase = 0.0
oscCdestination = 0
oscCenabled = false
oscCmax = 0.0
oscCmin = 0.0
silenceMode = 0
boostMode = 0
silenceDelay = 20.0
silenceLength = 0.2
silenceEvents = 1
