[ identification ]
name = Mild Pain
desc =
color = #ff0000
[ output ]
outL = 0.75
outR = 0.75
[ carriers ]
leftMix = 1
leftFreq = 495
leftFreq2 = 1
rightMix = 1
rightFreq = 425
rightFreq2 = 1
waveformL1 = 2.
waveformL2 = 2.
waveformR1 = 2.
waveformR2 = 2.
[ modulators ]
amodL1form = 0
amodL1freq = 1
amodL1depth = 0.04251706600189209
amodL1duty = 0.7653379917144776

amodL2form = 2
amodL2freq = 4
amodL2depth = .9
amodL2duty = .5

amodR1form = 0.0
amodR1freq = 0.12160789477973498
amodR1depth = 0.34184104204177856
amodR1duty = 0.763128662109375

amodR2form = 4
amodR2freq = 2
amodR2depth =.9
amodR2duty = .5
[ extras ]